# wavelength (nm) transmission (I/F) 
3.793000000000021146e+02 9.563735070401476607e-04
3.794000000000021373e+02 5.245992762738922906e-03
3.795000000000021600e+02 9.543524533670938448e-03
3.796000000000021828e+02 1.384880020795143177e-02
3.797000000000022055e+02 1.817121189506153839e-02
3.798000000000022283e+02 2.250585037006735262e-02
3.799000000000022510e+02 2.685463955058954924e-02
3.800000000000022737e+02 3.122277345839770749e-02
3.801000000000022965e+02 3.566985657851739350e-02
3.802000000000023192e+02 4.012624291085213624e-02
3.803000000000023419e+02 4.461880404506002318e-02
3.804000000000023647e+02 4.898797588914990953e-02
3.805000000000023874e+02 5.312859728793925540e-02
3.806000000000024102e+02 5.694187855316239916e-02
3.807000000000024329e+02 6.035575147875396618e-02
3.808000000000024556e+02 6.324659258773231152e-02
3.809000000000024784e+02 6.549731088578522598e-02
3.810000000000025011e+02 6.706072599401767531e-02
3.811000000000025238e+02 6.789281400537762468e-02
3.812000000000025466e+02 6.794142846507757183e-02
3.813000000000025693e+02 6.717650324904750336e-02
3.814000000000025921e+02 6.560476504359850913e-02
3.815000000000026148e+02 6.324131191273360542e-02
3.816000000000026375e+02 6.014692882944979585e-02
3.817000000000026603e+02 5.640600773515155875e-02
3.818000000000026830e+02 5.209874879069680692e-02
3.819000000000027057e+02 4.732487618717397260e-02
3.820000000000027285e+02 4.222902920218139095e-02
3.821000000000027512e+02 3.694743984662158393e-02
3.822000000000027740e+02 3.162277862671884765e-02
3.823000000000027967e+02 2.644666203065140428e-02
3.824000000000028194e+02 3.360270997746403476e-02
3.825000000000028422e+02 3.816591609433564458e-02
3.826000000000028649e+02 4.276303795897399423e-02
3.827000000000028876e+02 4.729075385669134074e-02
3.828000000000029104e+02 5.166117053422382421e-02
3.829000000000029331e+02 5.576847048519057576e-02
3.830000000000029559e+02 5.951380563949660446e-02
3.831000000000029786e+02 6.279026509239542253e-02
3.832000000000030013e+02 6.551396144740900818e-02
3.833000000000030241e+02 6.758189610374495948e-02
3.834000000000030468e+02 6.896969012114401165e-02
3.835000000000030695e+02 6.957470656551702215e-02
3.836000000000030923e+02 6.938745163687384809e-02
3.837000000000031150e+02 6.842620190458444107e-02
3.838000000000031378e+02 6.666546632386687044e-02
3.839000000000031605e+02 6.412763965357337614e-02
3.840000000000031832e+02 6.087448293554092310e-02
3.841000000000032060e+02 5.698640600317597671e-02
3.842000000000032287e+02 5.255577405435785804e-02
3.843000000000032514e+02 4.769793568184013677e-02
3.844000000000032742e+02 4.257314933705561716e-02
3.845000000000032969e+02 3.724004282900598983e-02
3.846000000000033197e+02 3.187897865306304340e-02
3.847000000000033424e+02 2.663220943567619695e-02
3.848000000000033651e+02 3.419903235219095422e-02
3.849000000000033879e+02 3.874873197348526616e-02
3.850000000000034106e+02 4.332641887616298787e-02
3.851000000000034333e+02 4.780512410059573059e-02
3.852000000000034561e+02 5.212156903648589718e-02
3.853000000000034788e+02 5.617349299389223782e-02
3.854000000000035016e+02 5.986599907705224266e-02
3.855000000000035243e+02 6.310905991231230416e-02
3.856000000000035470e+02 6.581087286726350349e-02
3.857000000000035698e+02 6.787817562075976197e-02
3.858000000000035925e+02 6.928197991883637552e-02
3.859000000000036152e+02 6.994259671122834976e-02
3.860000000000036380e+02 6.982883046127512372e-02
3.861000000000036607e+02 6.873567410213966833e-02
3.862000000000036835e+02 6.686787225215178043e-02
3.863000000000037062e+02 6.469946881450688858e-02
3.864000000000037289e+02 6.180263782213881590e-02
3.865000000000037517e+02 5.804634202926951814e-02
3.866000000000037744e+02 5.373669538253129929e-02
3.867000000000037971e+02 4.901792180072771232e-02
3.868000000000038199e+02 4.397866648557442748e-02
3.869000000000038426e+02 3.869976492253059119e-02
3.870000000000038654e+02 3.336175452306554268e-02
3.871000000000038881e+02 2.810516779926346131e-02
3.872000000000039108e+02 3.309800152666897421e-02
3.873000000000039336e+02 3.757268787138692834e-02
3.874000000000039563e+02 4.209768384808581371e-02
3.875000000000039790e+02 4.657860153779670720e-02
3.876000000000040018e+02 5.093091231608168346e-02
3.877000000000040245e+02 5.506331456430890031e-02
3.878000000000040473e+02 5.887765249875093893e-02
3.879000000000040700e+02 6.224479408420932613e-02
3.880000000000040927e+02 6.514912683764920165e-02
3.881000000000041155e+02 6.747422354993486138e-02
3.882000000000041382e+02 6.915074189060149701e-02
3.883000000000041609e+02 7.012359905361607859e-02
3.884000000000041837e+02 7.034933402482522469e-02
3.885000000000042064e+02 6.980167265071365867e-02
3.886000000000042292e+02 6.848026290470272948e-02
3.887000000000042519e+02 6.639744589075961823e-02
3.888000000000042746e+02 6.359613632200135369e-02
3.889000000000042974e+02 6.011800702899676441e-02
3.890000000000043201e+02 5.610317074674394527e-02
3.891000000000043428e+02 5.156962066027422770e-02
3.892000000000043656e+02 4.666269558045229443e-02
3.893000000000043883e+02 4.151415303110209121e-02
3.894000000000044110e+02 3.624110907525034814e-02
3.895000000000044338e+02 3.096926925920868989e-02
3.896000000000044565e+02 2.823401307197279803e-02
3.897000000000044793e+02 3.479815483408363330e-02
3.898000000000045020e+02 3.920153326586422321e-02
3.899000000000045247e+02 4.360811740187248153e-02
3.900000000000045475e+02 4.793697470992530629e-02
3.901000000000045702e+02 5.212045954126722641e-02
3.902000000000045929e+02 5.605351001388376303e-02
3.903000000000046157e+02 5.959316074960054749e-02
3.904000000000046384e+02 6.274175583630027531e-02
3.905000000000046612e+02 6.540623283505286878e-02
3.906000000000046839e+02 6.748790699227849577e-02
3.907000000000047066e+02 6.891854470506643404e-02
3.908000000000047294e+02 6.965364924343225850e-02
3.909000000000047521e+02 6.966342259849753193e-02
3.910000000000047748e+02 6.892597630569807787e-02
3.911000000000047976e+02 6.746784915609425892e-02
3.912000000000048203e+02 6.528353498098804497e-02
3.913000000000048431e+02 6.245412558353925780e-02
3.914000000000048658e+02 5.897702217957016824e-02
3.915000000000048885e+02 5.493812580461929912e-02
3.916000000000049113e+02 5.044490206685300210e-02
3.917000000000049340e+02 4.561853933519125631e-02
3.918000000000049567e+02 4.055742751165419130e-02
3.919000000000049795e+02 3.539755876963964626e-02
3.920000000000050022e+02 3.025300465131973079e-02
3.921000000000050250e+02 3.089543341772134008e-02
3.922000000000050477e+02 3.517694981280219263e-02
3.923000000000050704e+02 3.954242556637852651e-02
3.924000000000050932e+02 4.388963469918197302e-02
3.925000000000051159e+02 4.821890008941152189e-02
3.926000000000051386e+02 5.239504039852816569e-02
3.927000000000051614e+02 5.631647040034176016e-02
3.928000000000051841e+02 5.990861303708933799e-02
3.929000000000052069e+02 6.305300598960708602e-02
3.930000000000052296e+02 6.569981573136499109e-02
3.931000000000052523e+02 6.782766910731398424e-02
3.932000000000052751e+02 6.932757937792838332e-02
3.933000000000052978e+02 7.012261759035316733e-02
3.934000000000053205e+02 7.020590885977102957e-02
3.935000000000053433e+02 6.953722897053252194e-02
3.936000000000053660e+02 6.813501380154204923e-02
3.937000000000053888e+02 6.603622042659919311e-02
3.938000000000054115e+02 6.325831171221867055e-02
3.939000000000054342e+02 5.982213553996967859e-02
3.940000000000054570e+02 5.584180519789944119e-02
3.941000000000054797e+02 5.147084497719395940e-02
3.942000000000055024e+02 4.673782334671298944e-02
3.943000000000055252e+02 4.170594093268117225e-02
3.944000000000055479e+02 3.660657520533243392e-02
3.945000000000055707e+02 3.147564833400646328e-02
3.946000000000055934e+02 2.645887342194708225e-02
3.947000000000056161e+02 3.442430314660088059e-02
3.948000000000056389e+02 3.874790881213271282e-02
3.949000000000056616e+02 4.308782423257783573e-02
3.950000000000056843e+02 4.737337479654277206e-02
3.951000000000057071e+02 5.152477269259227860e-02
3.952000000000057298e+02 5.545693821695754644e-02
3.953000000000057526e+02 5.913292057273897284e-02
3.954000000000057753e+02 6.239798218822972808e-02
3.955000000000057980e+02 6.520903763411264875e-02
3.956000000000058208e+02 6.748674142764096717e-02
3.957000000000058435e+02 6.913153895753056111e-02
3.958000000000058662e+02 7.012570345966064045e-02
3.959000000000058890e+02 7.046585730689490512e-02
3.960000000000059117e+02 7.009394083092418404e-02
3.961000000000059345e+02 6.894418649371451824e-02
3.962000000000059572e+02 6.708860951752776414e-02
3.963000000000059799e+02 6.458257714641757463e-02
3.964000000000060027e+02 6.148026915853902624e-02
3.965000000000060254e+02 5.778862612959857065e-02
3.966000000000060481e+02 5.360861943339461505e-02
3.967000000000060709e+02 4.903284369398529241e-02
3.968000000000060936e+02 4.416735323029394311e-02
3.969000000000061164e+02 3.912267196675543041e-02
3.970000000000061391e+02 3.401858260068667955e-02
3.971000000000061618e+02 2.898658380297402734e-02
3.972000000000061846e+02 3.203287514205425263e-02
3.973000000000062073e+02 3.623642337159377336e-02
3.974000000000062300e+02 4.049949433578030333e-02
3.975000000000062528e+02 4.478174750079276512e-02
3.976000000000062755e+02 4.898416271772232378e-02
3.977000000000062983e+02 5.299225850883944322e-02
3.978000000000063210e+02 5.673433798112800797e-02
3.979000000000063437e+02 6.013191478729032480e-02
3.980000000000063665e+02 6.314099113665325169e-02
3.981000000000063892e+02 6.577663140379894080e-02
3.982000000000064119e+02 6.787530084984713663e-02
3.983000000000064347e+02 6.938456689972886948e-02
3.984000000000064574e+02 7.025080180474956026e-02
3.985000000000064801e+02 7.041123878417984705e-02
3.986000000000065029e+02 6.987405740913776864e-02
3.987000000000065256e+02 6.863141073410115867e-02
3.988000000000065484e+02 6.670155282832111732e-02
3.989000000000065711e+02 6.412188048654599015e-02
3.990000000000065938e+02 6.091346107595966425e-02
3.991000000000066166e+02 5.719050985742907267e-02
3.992000000000066393e+02 5.300019966555277046e-02
3.993000000000066620e+02 4.843693031627788192e-02
3.994000000000066848e+02 4.360132397517544472e-02
3.995000000000067075e+02 3.860266337668750297e-02
3.996000000000067303e+02 3.355555070536708068e-02
3.997000000000067530e+02 2.857068118653215832e-02
3.998000000000067757e+02 3.290230667608669973e-02
3.999000000000067985e+02 3.712052105202552632e-02
4.000000000000068212e+02 4.135328355539665685e-02
4.001000000000068439e+02 4.562066691498214283e-02
4.002000000000068667e+02 4.980197889104285430e-02
4.003000000000068894e+02 5.382282344181842787e-02
4.004000000000069122e+02 5.760204948732501606e-02
4.005000000000069349e+02 6.105915249548889839e-02
4.006000000000069576e+02 6.411921872661924260e-02
4.007000000000069804e+02 6.670804879699035461e-02
4.008000000000070031e+02 6.876444519689423052e-02
4.009000000000070258e+02 7.024606483165461712e-02
4.010000000000070486e+02 7.108776813754398571e-02
4.011000000000070713e+02 7.121144910662677296e-02
4.012000000000070941e+02 7.064878089461860966e-02
4.013000000000071168e+02 6.940254746032308020e-02
4.014000000000071395e+02 6.748099373737052875e-02
4.015000000000071623e+02 6.491410423139054586e-02
4.016000000000071850e+02 6.174818525864823882e-02
4.017000000000072077e+02 5.805740184734999032e-02
4.018000000000072305e+02 5.390468450252454413e-02
4.019000000000072532e+02 4.936420295114349321e-02
4.020000000000072760e+02 4.458261025344802120e-02
4.021000000000072987e+02 3.962571309588780455e-02
4.022000000000073214e+02 3.459088409321282170e-02
4.023000000000073442e+02 2.961060697409758843e-02
4.024000000000073669e+02 3.200191902297589569e-02
4.025000000000073896e+02 3.611418825834986773e-02
4.026000000000074124e+02 4.029080353171072409e-02
4.027000000000074351e+02 4.446960127157151277e-02
4.028000000000074579e+02 4.857858010995613068e-02
4.029000000000074806e+02 5.256092925130257526e-02
4.030000000000075033e+02 5.632855924747532522e-02
4.031000000000075261e+02 5.982628498707996678e-02
4.032000000000075488e+02 6.296178245659346528e-02
4.033000000000075715e+02 6.563745938529817747e-02
4.034000000000075943e+02 6.784536236689284183e-02
4.035000000000076170e+02 6.950628652146635666e-02
4.036000000000076398e+02 7.056588881107243860e-02
4.037000000000076625e+02 7.098811504911006764e-02
4.038000000000076852e+02 7.074898789554630307e-02
4.039000000000077080e+02 6.986705326496257806e-02
4.040000000000077307e+02 6.831808842166173235e-02
4.041000000000077534e+02 6.604942193541014916e-02
4.042000000000077762e+02 6.317655607229774595e-02
4.043000000000077989e+02 5.977934833998651415e-02
4.044000000000078217e+02 5.589765252451560362e-02
4.045000000000078444e+02 5.159517981238979922e-02
4.046000000000078671e+02 4.697540544790107520e-02
4.047000000000078899e+02 4.212235446453940768e-02
4.048000000000079126e+02 3.716065974536147259e-02
4.049000000000079353e+02 3.221102761802570325e-02
4.050000000000079581e+02 2.735979650925581333e-02
4.051000000000079808e+02 3.375830074084621574e-02
4.052000000000080036e+02 3.787226035082020409e-02
4.053000000000080263e+02 4.204643623586395290e-02
4.054000000000080490e+02 4.620223999337998849e-02
4.055000000000080718e+02 5.017023564849276002e-02
4.056000000000080945e+02 5.396516174543183192e-02
4.057000000000081172e+02 5.770584043732239488e-02
4.058000000000081400e+02 6.115448313355916626e-02
4.059000000000081627e+02 6.414219614594481034e-02
4.060000000000081855e+02 6.666527502402437577e-02
4.061000000000082082e+02 6.871184322885701135e-02
4.062000000000082309e+02 7.020218246190494671e-02
4.063000000000082537e+02 7.108926709784063602e-02
4.064000000000082764e+02 7.134449181805480045e-02
4.065000000000082991e+02 7.094342244819908105e-02
4.066000000000083219e+02 6.988518130274941342e-02
4.067000000000083446e+02 6.817988912521770473e-02
4.068000000000083674e+02 6.585041643957140201e-02
4.069000000000083901e+02 6.292868766383273582e-02
4.070000000000084128e+02 5.951036676211295812e-02
4.071000000000084356e+02 5.559333225485739438e-02
4.072000000000084583e+02 5.128584796926641265e-02
4.073000000000084810e+02 4.667898974392307304e-02
4.074000000000085038e+02 4.186518456770322444e-02
4.075000000000085265e+02 3.695492670679707131e-02
4.076000000000085493e+02 3.204323779801148547e-02
4.077000000000085720e+02 2.721515525276270442e-02
4.078000000000085947e+02 3.448513722819284560e-02
4.079000000000086175e+02 3.857989750865931100e-02
4.080000000000086402e+02 4.270631035778536116e-02
4.081000000000086629e+02 4.681763401132380681e-02
4.082000000000086857e+02 5.083579672557868301e-02
4.083000000000087084e+02 5.465858820790275852e-02
4.084000000000087311e+02 5.824310747258216320e-02
4.085000000000087539e+02 6.150447670070845196e-02
4.086000000000087766e+02 6.442914916011110993e-02
4.087000000000087994e+02 6.690696144271357504e-02
4.088000000000088221e+02 6.889193900463219666e-02
4.089000000000088448e+02 7.033418913467920364e-02
4.090000000000088676e+02 7.119205955723803547e-02
4.091000000000088903e+02 7.149810690920190004e-02
4.092000000000089130e+02 7.116995270885063951e-02
4.093000000000089358e+02 7.019148787698567538e-02
4.094000000000089585e+02 6.857828181715977522e-02
4.095000000000089813e+02 6.637271426883661896e-02
4.096000000000090040e+02 6.357018989059558256e-02
4.097000000000090267e+02 6.023760526522119879e-02
4.098000000000090495e+02 5.643792583080121938e-02
4.099000000000090722e+02 5.223485450455828821e-02
4.100000000000090949e+02 4.772118828147350889e-02
4.101000000000091177e+02 4.297240855657171593e-02
4.102000000000091404e+02 3.810584313005946355e-02
4.103000000000091632e+02 3.321097283336169742e-02
4.104000000000091859e+02 2.840112591933443426e-02
4.105000000000092086e+02 2.363326398968165071e-02
4.106000000000092314e+02 1.890656818168404488e-02
4.107000000000092541e+02 1.431518054419651624e-02

